tema2_neopt
[0.120576, 0.691298, 5.640043, 18.136784, 54.457561]
tema2_blas
[0.008182, 0.048151, 0.226501, 0.683639, 1.527939]
tema2_opt_m
[0.057275, 0.503641, 4.006864, 12.082457, 35.125793]
tema2_opt_f
[0.027898, 0.207212, 1.405001, 4.330633, 14.031482]
[0.026103, 0.201262, 1.324781, 4.356047, 14.16375]
[0.027895, 0.215515, 1.392337, 4.355805, 14.207648]
[0.026643, 0.199567, 1.412729, 4.337458, 13.912883]
[0.027476, 0.204167, 1.379158, 4.353434, 14.021009]
[0.025818, 0.197543, 1.380061, 4.328696, 13.932921]
[0.027235, 0.200228, 1.327108, 4.346115, 13.759625]
[0.027611, 0.208169, 1.33652, 4.365713, 14.247801]
[0.02644, 0.195666, 1.393061, 4.358579, 14.315946]
[0.026727, 0.198611, 1.327046, 4.370808, 14.227859]
tema2_opt_f_extra
[0.0201, 0.199807, 1.267299, 4.188615, 13.735481]
[0.018906, 0.188906, 1.331409, 4.16667, 14.41499]
[0.01975, 0.195027, 1.257692, 4.155274, 13.297448]
[0.020157, 0.199233, 1.260908, 4.194727, 13.227378]
[0.019882, 0.192408, 1.34579, 4.15524, 13.310127]
[0.010712, 0.150713, 1.265639, 3.961649, 13.172163]
[0.020213, 0.199707, 1.367148, 4.192137, 13.108261]
[0.019595, 0.185707, 1.360611, 4.160211, 13.538787]
[0.020173, 0.199996, 1.317832, 4.23055, 13.822]
[0.020191, 0.199792, 1.296836, 4.173582, 13.295753]
